,job1,job2,total
software skills,26,17,43
operational skills,1,2,3
management,4143,10062,14205
critical thinking,158,509,667
mentoring,195,587,782
risk management,149,530,679
communication,2443,6616,9059
time management,157,231,388
cooperation,27,56,83
presentation skills,185,670,855
team player,237,471,708
