job1,job2,total
26,17,43
1,2,3
4143,10062,14205
158,509,667
195,587,782
149,530,679
2443,6616,9059
157,231,388
27,56,83
185,670,855
237,471,708
